arch 3365371 13566018 205300298 7270
arch/x86 343383 1385556 17529117 7270
block  38111  153000 1705085 1776
crypto  80219  286778 4083229 3590
drivers 10818242 43090914 679477999 19456
firmware 129074  147945 10323546 213
fs 1171794 5107297 55836539 7270
include 692357 3103176 41334292 11503
init   5734   25589  242742 1
ipc   8868   34532  322200 1
kernel 243877  964835 11555404 5071
lib 105285  505252 4856149 2371
mm 108497  461170 4389299 3001
net 890562 3380999 43711942 3684
samples   7504   30344  411568 2471
scripts  90670  372499 4861907 382
security  75568  300025 4002263 19
sound 875947 3529094 49211218 3397
tools 215159  813012 12447498 1
usr    845    3409   35393 2471
virt  10487   38265  485608 0
